0
4.47726
0.693147
2.22896
5.03106
2.2928
0
0
0
0
7.19935
2.82272
3.82043
7.30705
0
2.82683
2.2892
0.693147
5.05898
0
6.83403
3.82043
0.693147
0
1.66886
6.14658
3.81585
2.83058
1.66658
0
0
0
0
4.88829
0
0
0.693147
5.60022
0
0
3.53722
5.83803
4.70462
6.4934
0
0
3.22159
6.3292
6.33512
0.693147
3.21861
6.57352
3.53722
0
3.53722
0
0
1.66886
1.66886
0.693147
2.83434
5.47861
0
4.28378
3.81063
4.50492
0
0
0
5.72589
0
0
5.82671
2.83058
0.693147
0
0
0
0
6.9623
0.693147
0
0
0
0.693147
0
1.66658
0.693147
0
0
6.24067
0
0
0
3.81585
0
0
0
0
0
0
0
0
0
0
0
0
0
2.2892
0
6.23784
0
0
5.47703
0
3.80263
2.2892
1.66658
4.06087
0
0
0
0
4.70387
1.66658
0
1.66658
0
0.693147
0
0
0
0
7.41082
0
0
1.66658
3.53722
0
2.83058
2.2892
8.89029
0.693147
0
3.53722
0
1.66658
0
9.09442
0
0
2.2892
5.60879
6.15339
2.83058
6.64974
0
0
2.83058
4.28849
0
0
5.95399
3.53722
0
0
7.02349
2.83434
0
0.693147
0
0
2.2892
0
1.66658
0
2.83434
0
0
0
3.81585
0
1.66658
0
0
0.693147
0.693147
0
0
0
8.794
0
0
0
0
0
7.25322
0
0
1.66886
0
0
5.83546
0
0
1.66658
0
0
2.83058
3.53722
9.13449
0
1.66658
0
4.28949
0
0.693147
0
3.81585
0
0
3.22159
5.34454
0
1.66658
0
0
0
5.83324
2.2892
0
0
0
0
3.54165
2.83058
0
0
0
0
5.20532
6.65459
0
6.5748
0
0
6.23351
0
1.66658
3.81585
0
0
8.79382
0
1.66886
6.05427
7.25027
0
3.22159
9.07067
3.53722
0
1.66658
0
4.50833
0
5.47703
0
0
0
0
0
0.693147
6.96429
0
0.693147
0
7.36458
7.36868
8.79382
4.50666
0
3.81585
0
0
9.31371
1.66658
2.2892
0
4.28485
7.5589
9.54742
0.693147
9.54826
4.04895
3.21861
7.82014
0
0
3.22159
7.46314
2.2892
4.06087
0
0
3.53476
0
0
0
0
0
0
6.33945
3.22159
6.8365
0
0.693147
0
0
0
2.2892
3.53476
0.693147
0
0.693147
0
3.81172
2.2892
1.66658
0
5.2098
4.71095
0.693147
0
2.2892
2.2892
6.90361
4.06087
6.71502
0
0
0.693147
4.06552
1.66658
0
0
0
0
0
0.693147
0
0
2.83058
5.05824
2.2892
0
0
0
0
2.83058
10.8286
7.25577
4.70292
2.83058
8.89064
0
0
3.54611
5.05588
0
0.693147
0.693147
2.2892
4.50666
2.2928
0
2.83058
3.81777
2.80898
1.66658
0.693147
3.22159
4.28485
3.81585
4.07019
7.90214
1.66658
0
3.53476
0
0
0.693147
0
0.693147
4.89546
0.693147
9.17536
7.82004
0
4.89298
0
2.2892
0.693147
0
0
0.693147
0
0
7.1396
0
1.66658
0
0
0
0
1.66658
3.53476
0
0
8.22384
0
0
0
3.22159
0.693147
2.83058
0
2.83058
2.2892
7.82174
6.50502
3.81585
2.83058
1.66658
0
3.81585
0
0
0
0
0
0
0
1.66658
0
0
7.41036
8.47239
1.66658
0
0
0.693147
0
3.20346
0
0.693147
8.66967
0
0
4.51479
6.49341
0
4.50666
0
0
0
2.83434
7.77798
0
0
0
0.693147
0.693147
6.71418
0
0
1.66658
0
7.25142
0
0
4.28485
0
0
4.28485
0
4.28485
7.97928
8.84274
0
0
8.84249
0
0
0
5.19995
1.66658
0
0
7.02324
6.32755
0.693147
0
0
0.693147
6.24067
3.81585
0
0
0
0
4.06087
0
0
0
0
0
0
3.81585
0
0
6.49847
2.2892
4.70387
0
3.53722
4.50666
2.83058
7.98043
0
4.06087
0.693147
9.83102
0
6.78345
0
6.71526
0
10.0787
0
0.693147
0
0
2.83058
8.4429
8.91384
0
7.25612
0
0
0.693147
9.071
0
0
5.60288
6.15355
0
7.08671
3.81585
0
3.82043
0
0.693147
3.53476
0
8.95981
0
7.51002
0
4.70387
0
0
2.83058
0
0.693147
0
0
2.2892
2.83058
0
0
0
0
9.40726
0
0
6.32395
0
5.06032
1.66658
0
8.8666
0
1.66658
2.2892
0
3.81585
0
0.693147
0.693147
0
3.22159
0
8.93699
4.28485
0
2.83066
4.89048
2.82683
4.06087
1.66658
4.28485
0.693147
0
5.95036
0
8.71885
0
7.78253
3.22159
0
6.32326
0
0
7.19687
0
2.28211
0
4.88896
5.05588
0
1.66658
3.22159
1.66658
0
1.66658
0
0
6.7136
0
0
9.11326
6.72467
3.51742
4.5094
5.60022
8.81836
0
4.28785
1.66658
4.0634
0.693147
0
0
0.693147
0
0
1.66658
3.82043
3.22574
5.20022
0
0.693147
0
0
0.693147
0
0
0
0
0
0.693147
8.8905
0
0.693147
0.693147
5.05513
3.53722
0
0
3.22159
0
0
3.81585
5.95466
0
8.81836
2.2892
0.693147
0.693147
0
0
0
0
0
4.70292
7.19689
6.96585
0
0
0
0
0
2.2892
0
0
9.17561
0
5.34615
0
0
0
0
0
0
0
0
0
0
7.78083
1.66658
0
1.66658
0.693147
0.693147
2.2892
3.81585
0
0
0
0
0
0
0
2.2892
2.83058
0
0
0
5.95036
3.53722
0
0
1.66658
4.28485
0
0
0
1.66658
0
0.693147
8.38307
0.693147
6.78286
2.2892
0
9.42562
0
3.22159
3.22159
0
0
0
9.71055
2.25688
0
8.01356
0
9.25525
0
0
0
6.65593
0
0
0
7.30421
2.2892
8.66645
5.95135
0
0.693147
2.2892
9.63043
5.95036
2.2928
0
8.66674
3.81585
4.70387
0.693147
0
8.8426
3.53722
0
0
0
0
0.693147
5.95451
6.5724
4.89048
5.19961
3.53722
3.22188
3.53722
0
0
9.99895
4.70122
6.32848
5.72459
0.693147
6.33147
0
5.2011
5.83229
0.693147
7.08145
0.693147
6.90012
0
0
0.693147
6.78221
6.50458
3.81585
0
5.19995
9.07079
3.53722
1.66658
0
5.47861
0
6.23647
0.693147
4.89298
0
4.28485
0
0
0.693147
0
4.89048
5.72681
0
5.47601
0.693147
6.41076
8.79396
0
0
0
0
7.73651
8.91388
4.70249
3.53722
5.60022
3.53722
0.693147
8.95977
5.72668
0
0.693147
0
8.79388
0
0
0
4.28485
5.20354
6.78203
2.83058
10.2767
0
8.76915
0
0
5.34615
0
0
0.693147
0
2.83058
0
2.83058
0
0
1.66658
0
0
0
7.1394
9.6148
0
5.4756
0
2.83058
1.66658
4.88869
0
0
0
8.81844
10.0919
0
0
5.4765
0
8.61354
0
0.693147
2.83434
5.2033
0
0
2.83058
0
3.22574
7.60191
0
0
0.693147
0
0
0
0
8.84256
8.53307
0
9.02738
9.35138
6.05156
0
6.146
0
6.32497
0
3.81585
7.02297
10.0251
8.41314
0.693147
1.66658
10.025
2.2892
0
0
3.53722
0
0
2.83058
8.41362
0
0
0
0
0.693147
0
0
0.693147
0
0
0
3.53722
0
0
0.693147
6.14958
0.693147
0
0
4.06087
0
5.83357
0
5.19991
0
0
0.693147
9.42489
2.83058
0
9.48
0
1.66658
3.22159
3.22159
0
0
0
0
2.83058
0
0
0
0
0.693147
3.22159
0
0
10.457
7.30339
1.66658
1.66658
0
0
0
0
0.693147
0.693147
0
2.2892
9.00497
0.693147
0.693147
0
0
0
0
0
2.2892
0
0
0
0
8.25638
4.06552
0
4.28949
0
2.2892
0
0
0
9.99902
9.23563
7.3037
0
0
0
0
7.64738
2.2892
10.2887
8.89049
0
0
3.53722
0
0
2.2892
3.53722
9.70981
8.91383
3.21767
0
0
8.52949
10.3797
0
7.82083
0
8.74365
8.58571
0
0
4.50544
0
7.09421
0
0.693147
1.66658
0
0
0
9.42553
0
8.4723
4.89298
6.32663
2.82585
0
9.443
0
0
0
0
2.2892
0
8.79382
8.7439
0
0
0
0
0
6.56952
0
0
2.2892
3.21861
9.33327
0
6.79217
0.693147
0
0
2.83058
6.49159
0
3.54165
5.20418
3.81585
8.91408
0
0
0
6.7152
7.35843
0
1.66658
6.41579
0
0
0
5.60074
8.84266
0
2.2892
0
0
0
0
0
4.28378
0
6.32573
0
0
9.36985
6.89778
0
0
9.67856
0
0
0
2.83058
0
5.95773
5.2033
0
5.34291
4.50666
0.693147
0
0
9.7715
0
7.64765
0
0
0
5.83595
0
0
6.89731
0
0
1.66658
2.2892
0
2.2892
0
0
0.693147
0
8.47239
0
0
1.66658
0
0
0.693147
2.2928
10.1046
0
2.2892
1.65837
8.95977
0
8.98303
0
0
0
0.693147
5.34395
3.22159
0
1.66658
2.2892
0
0
0
2.2892
1.66886
0
0
0
6.56958
0.693147
4.89048
9.25629
1.66658
7.73757
0
3.81063
0
0
0
7.60188
0
0
3.22159
0.693147
3.53133
3.81585
3.21525
3.22159
4.06087
2.2892
3.22159
6.0477
0
0
8.98237
0
8.95977
0
0.693147
3.82043
0
0
0.693147
8.79382
0
0
3.54165
8.44277
4.06087
0
0
0
3.53722
0
0
0
0
0.693147
0
2.2892
4.70387
5.05795
0
6.14686
0
4.28949
0
0
0
0
0
0.693147
3.22159
0
0
0.693147
1.66658
0
0
2.83434
0
3.53722
0
0
0
5.48064
0
0
9.02708
0.693147
8.81836
6.50458
0
8.84299
5.20099
9.3325
9.11352
0
1.66886
5.47652
1.66658
4.70292
0
0
0
1.66658
6.64552
6.24934
0
1.66658
9.69492
9.97284
5.34158
0
3.53722
0
0
0
6.41094
0
4.88939
8.9599
0
0
0.693147
0
3.53722
5.05486
3.81585
6.83421
3.53722
3.81585
4.50798
4.70555
8.41307
0.693147
6.71405
0.693147
0
0.693147
0
7.30329
8.98245
2.2892
6.23647
0
0
4.8919
4.88977
0
4.70387
0
10.4887
5.83287
3.53722
4.8952
3.81585
0.693147
4.28485
0
6.78305
0
0.693147
8.47248
0
2.2892
2.83812
0
0
6.14551
7.82063
10.2046
0
5.20281
6.64351
0
0
4.89048
0
0.693147
0.693147
8.2279
10.1175
9.00581
9.25541
2.2892
9.02716
0
0
0
3.22159
4.89048
0
3.22159
0
0
0
1.66658
0
0
0
5.05486
0
0
0
9.95904
0
0
6.49217
0
1.66658
4.06087
0
5.34291
2.83058
0
4.28485
0
8.81853
0
0.693147
3.81585
0
0
0
3.53722
0
0
0
0
0
0
0.693147
9.3134
0
0
8.41314
8.25701
2.2892
0
1.66658
4.28485
0
0
0
0
0
0.693147
8.61336
0
0
3.22159
0
0
0.693147
0
0
0
0
0
0
0
0
0
0.693147
0
6.2391
0.693147
0
0
0
0
0
8.79396
0
3.22159
8.50102
5.05486
0
0.693147
4.50821
7.13904
9.09223
0
0
3.81585
9.23663
0
0
0
0
0
0
0
0
0
4.8921
1.66658
0
0
0.693147
0
4.70387
0.693147
10.1039
7.90121
0
0
8.08762
4.50666
0
5.72623
9.3326
0
8.93687
10.3237
0
3.82043
0
0.693147
0
4.05939
8.79406
0
0
0
9.0706
3.81585
7.45909
5.19995
0
2.2892
2.83058
0
2.2892
5.19856
8.71885
0
0
0
0
5.05588
0
5.72599
0.693147
0
0
5.05486
8.55833
0.693147
0
0
8.7691
0
0.693147
0
0
0
1.66658
0
2.81822
0
4.06087
9.67843
5.05357
6.32693
9.31368
0
0
0
2.2928
0
1.66658
9.25536
9.25663
0
0
0
0
2.83058
0
0
0
0
0
0
0
9.33233
2.2892
7.60304
2.2892
0.693147
5.05486
0
0
1.66658
0
10.1173
0.693147
2.2892
0
6.0522
0
0
0
0
8.52997
2.2892
9.63069
0.693147
0
0
1.66658
0
9.33247
0.693147
9.67884
8.81836
0
3.22159
3.22159
0
0
0
0
9.09213
7.90105
6.40966
0
0
0
0
9.19578
4.88785
0
0
5.34189
0
0.693147
3.81585
0.693147
0
4.28485
0
2.2892
2.2892
0
0.693147
9.64649
6.2389
0
5.34189
0
0
0.693147
0
0
0
0
1.66658
4.28485
0
1.66658
5.34291
0
0
0
6.05327
0
0
0
2.83058
4.70291
5.20289
0
9.42504
0.693147
0
0.693147
3.53722
0
0.693147
2.83058
5.47802
0
4.28949
2.2892
2.2892
0
8.50128
0
0
9.25676
2.83058
0
0
0
0
0.693147
2.2892
0
1.66658
0
0
0
0
0
6.15021
0
6.78927
7.51277
0
0
9.69436
0.693147
6.48883
7.14062
8.8904
2.83812
0.693147
1.66658
0
6.71475
0
0
0.693147
3.22159
8.28933
0
0
1.66658
1.66658
0
9.31417
0
0
8.35365
0
0
0
0
0.693147
7.14025
1.66658
3.53722
0
0
3.22159
0
8.7439
0.693147
0
2.2892
3.54165
0
0
0
6.05405
0
3.53722
0
0
0
3.81585
0
0
9.40681
9.80135
0
8.66645
6.1487
0
4.50666
2.2892
3.53722
0
0
0.693147
0
1.66658
3.81585
2.83058
0
4.06087
0
0
8.2885
9.29465
0
0
0
0
2.83058
0
3.53722
0
0
0
5.47712
0
9.11312
2.2892
8.93701
0.693147
3.22159
0
10.6311
4.28485
0.693147
0.693147
0
0
0
5.05486
2.2892
0
0
10.0787
0
0
10.0658
0
4.06552
7.08252
0
2.2892
5.72659
0
0
2.2892
1.66658
5.05486
6.57062
0
0
2.2892
5.20318
9.19573
0
2.2892
0
3.53722
0
2.83058
0
0
7.94412
3.22159
0
4.28485
0
0
8.41305
0
0
1.66658
0
4.06087
0
0
0
5.05599
5.47672
0.693147
1.66886
0
4.28949
3.53722
0
2.2892
8.52953
0
6.8335
0
7.30395
2.2892
3.22159
0
3.22159
0
3.53722
0
0
0
0
0
0
10.2172
0
0
3.81585
0.693147
0
4.49986
0
1.66658
5.05246
0
8.41314
7.73705
0
0.693147
3.53131
3.54165
3.22574
0
0
3.53722
5.47596
2.83058
0
3.22159
0.693147
0
0.693147
0
0
9.36993
6.78221
0
0
0
0
1.66658
0
0
0.693147
2.2892
0
0.693147
5.05582
4.50833
0
3.22159
0
9.83097
2.83058
0
4.8883
0
0.693147
0
0
7.86099
0
0
0
0
7.02271
6.7147
0
3.21861
5.60004
0.693147
5.05485
8.41308
0
0
9.17532
3.22159
9.216
0
4.50666
0
5.6003
0
0.693147
0
0
0
0
0
0.693147
0
6.05301
2.83058
2.2892
0
2.83058
0
0
3.54165
2.83058
0
0
3.53722
0.693147
0
0
0
0
1.65132
7.30362
0
1.66658
5.59921
8.8423
3.81585
0
0
2.2892
9.1341
3.53722
2.2892
7.69113
2.2892
0
0
6.41063
4.50666
4.06565
10.6219
6.71546
0
9.04938
7.35843
8.86681
6.05817
0
0
0
0
0
0
3.22159
0
0
0
0
0
0
0
0
0
7.07987
0
9.91637
5.34291
0
8.18935
0
0
4.28485
0
0
2.83058
3.81585
4.70387
0
3.81585
2.2892
0
3.22159
4.28378
10.0252
0
0
0
0
0
10.0649
0
2.2892
0
0
0
0
0.693147
0
1.66658
3.81585
0
0
0
0
0
0.693147
0
0.693147
6.05327
7.25267
0
0
0
2.28211
4.89048
9.66265
4.28949
4.5094
0
2.2892
2.2892
7.02271
0.693147
0
0
0
7.90117
0
0
0
3.53722
0
0
0
0
0
0
0
0
0
1.66658
0.693147
0
0
0
0.693147
3.22159
0
6.57026
5.72111
0
2.2928
0
0
0
5.47651
0
0
4.70614
4.70248
3.53722
0
0
0
3.53722
0
3.82043
5.72668
0
0
0
0
4.28301
0
0
0
0
8.52948
8.86673
0
0
6.89868
2.28211
4.06552
0
0
0.693147
8.79424
6.78228
0
0
0
7.60107
0
0
0
0
10.2771
0.693147
1.66658
0
0
2.2892
2.83058
0
2.2892
6.78203
0.693147
0
0
0
1.66658
0.693147
0
5.05486
1.66658
0.693147
2.83058
0.693147
0
0.693147
0
0
0
6.96311
0
0.693147
0
0
8.71885
0
0.693147
0
0
0
0
0
1.66658
2.2892
0
0
0
0
0.693147
0
8.47267
4.70387
0
8.52959
0
3.22159
2.2892
0
1.66658
8.47272
0
0
0
0
0
0
0
5.34405
0.693147
0
0
0
1.66658
8.4429
0
0
0
4.06087
2.83058
0
7.69653
0
4.71266
3.22159
0
6.15215
3.53722
5.83717
0
0
7.46069
0
0
3.22574
0.693147
2.83058
0
0
2.2892
0
0
0
7.50915
0
8.84313
0
0
0
0.693147
0
0
0.693147
0
0
6.14591
0
0
0
0.693147
5.72466
0.693147
0
1.66886
0
4.28485
0
0.693147
7.14129
3.81585
0
7.97975
0.693147
0.693147
0
6.8361
0
0
0
8.32555
0.693147
8.29236
4.06087
0
0
0.693147
5.0563
0
0
0
2.2892
6.32573
0
0.693147
0
5.05685
4.50666
0
2.83058
0
3.22159
6.83279
2.83434
8.79374
4.50666
0
0
6.23458
0
2.83812
1.66658
0
0
0
6.72635
0
0
1.66658
0
5.05656
1.66886
4.50876
0
0
0
0.693147
0
0
0
0
0
0
9.17554
7.35744
3.22159
0
0.693147
0
0
5.59789
0
0
0
0
4.89048
8.89027
1.66658
2.2892
0
9.07073
0
0
0.693147
0
0
0
10.783
0
0
6.78203
0
5.34158
2.83058
0
3.81585
0.693147
0
0
1.66658
8.79377
0
0
4.5094
0
0.693147
4.28485
0
9.00532
2.2892
9.56426
8.47219
6.64405
0
0
2.83058
3.22284
0.693147
0
7.30691
8.01671
0
1.66658
0
0
2.83058
4.06087
2.2892
0
9.72621
0
0
0
2.2892
0
9.25539
8.2278
2.83058
7.02234
0
0.693147
0
2.2892
3.22159
0
9.88916
0.693147
0.693147
9.00539
6.2372
0.693147
2.83058
0
4.89048
4.06087
0
0
0
0
0.693147
2.2892
6.57148
0
0
4.28485
0.693147
0
0
0.693147
1.66886
8.8666
0
0.693147
3.22574
3.53131
0
8.93717
2.2892
0
0
0.693147
0
0
4.06087
8.93687
4.70249
8.71825
5.3483
0
6.71535
0
0
9.53026
0
0
0
2.2892
0
0
0
10.3465
2.2892
0
0
0.693147
0
2.2892
0
0
9.02743
2.2892
5.19995
0.693147
0
0.693147
0
0
6.8981
8.93705
0
0
0
3.22159
0
0
4.50666
3.22159
1.66658
2.83434
0.693147
0.693147
0.693147
6.78288
0
5.34405
6.89785
0
2.2892
0
0
0
0
0
0
0
0
2.2892
0
5.47601
1.66658
0.693147
0
0
5.4745
0
3.81061
6.9623
0
0
6.4119
4.5094
2.2928
3.22159
0
2.83058
5.20164
0
0
5.20199
8.47335
8.7691
0
0.693147
0
8.69259
0
8.66645
9.07169
0
10.2653
0.693147
2.83058
0.693147
0
3.53722
7.51051
0
2.83058
0
1.66658
0
2.83058
0
3.53722
1.66658
0
0
3.82043
4.06087
5.0535
4.50666
8.69299
0
0
8.38307
0
0
2.83058
4.89294
0
0
0
0
9.00499
5.59921
0
0
3.22159
0
0
0
0
1.66658
1.66658
7.13726
5.05672
7.64738
0
0
0
4.50666
0
0.693147
0
0
4.89048
5.05486
8.91387
0
0
0
4.89048
4.06087
2.83058
0
0
3.81585
4.28485
0
0
0
0
0
0
1.66658
0
3.53049
10.2294
7.55546
8.71839
2.82585
3.22159
0
0.693147
3.81585
5.47601
7.07987
3.53722
0.693147
0
0.693147
0
0
0.693147
2.2786
0
4.89048
0
0
10.3909
0
0
0.693147
3.22159
7.93903
6.49303
0
5.47912
0
6.58195
0
7.35615
3.22159
2.2892
0
0
1.66658
0
0
5.47419
0
0
0
0
7.19674
1.66658
3.81585
0
2.2892
3.54165
0
0
0
8.64005
2.2892
0.693147
3.53722
3.53722
0
0
0
2.2892
0
0
0
0
0.693147
4.70292
0
0
0
0
0
0
1.66658
0
0
5.72589
0
4.89566
0
0
0
0
1.66658
8.22627
0
8.69298
6.64438
3.22159
2.83058
4.28485
0.693147
0
3.53722
1.66658
0
10.1679
0
3.22159
0
4.89048
6.56978
0
0
0
0
0
0
0
2.2892
0
0
7.08631
0
0.693147
0
3.82043
0.693147
5.05865
1.66658
6.96181
5.2011
0.693147
0
3.53722
0
2.83058
0
4.06087
0
0
6.83408
0
6.49217
0
4.51387
0.693147
5.34596
8.08908
1.66658
3.81585
0
0
0
0
0
0
0
0.693147
6.71405
0
0
5.47612
8.71885
8.84274
0
9.90199
3.21861
0
3.53722
2.2892
3.81585
3.53722
0
6.71476
2.2892
3.81858
3.53722
2.83058
6.65479
0
8.44277
6.41072
0
0
0
9.25542
0
0.693147
0.693147
0
0
0
0
0
0
0
8.8426
0
1.66658
6.58081
0.693147
4.8923
5.34114
4.28485
0
0
6.8989
9.13415
0
8.81862
3.22159
9.00504
0
8.96004
1.66658
0
0
0.693147
0
6.23219
0
0
0.693147
0
4.71266
1.66658
5.83324
0
2.2892
2.2892
10.9408
0
3.82043
9.29406
7.60864
0
2.28211
9.19718
7.73928
4.06087
6.71379
0
0
6.41003
1.66658
0
0
7.55443
0.693147
6.05548
2.83434
0
0
0
0
0
5.34291
8.35276
1.66658
0
4.70387
2.2892
0
0
0.693147
0
0
0
5.20164
0
3.22159
6.14934
0
4.28485
0.693147
6.14702
0
0
5.05685
3.53722
10.9158
0.693147
4.28949
8.76893
0
2.2892
0
0.693147
0
0.693147
1.66886
8.58615
0
1.66658
0
0
6.23535
5.59921
6.84808
6.89903
0
2.83058
0
2.2892
0.693147
0
0
9.59761
9.15518
1.66658
0.693147
0
0
1.66658
0
7.82089
1.66658
7.81962
4.28301
5.34395
7.46903
0
0
0
3.53722
10.6015
0
2.2892
0
0
10.6702
0
9.614
0
7.13823
0
6.89731
0
0
9.38861
0
0
1.66658
2.2892
4.50833
2.2928
2.2892
4.06087
5.48334
2.2892
2.2892
0
7.2619
9.23592
0.693147
8.93719
0
0
0.693147
0
0.693147
6.49217
1.66658
1.66658
0
1.66658
8.44376
6.41472
1.66658
3.22159
0
0
0
4.04895
3.21861
1.66658
0
0
2.83058
3.54611
2.2892
0
0
0
7.08305
8.89051
5.2027
0
2.2892
5.59792
0
8.91378
0
0.693147
6.05295
0
0
0
8.41314
0
3.22159
6.78301
0
0
4.70875
1.66658
0
7.02449
4.28485
0
6.23518
0.693147
0.693147
0
3.53722
2.83434
6.32435
0.693147
6.78221
0
0.693147
0
4.50833
2.2892
0
0
0
1.66658
7.3037
2.83434
0.693147
5.84018
0
6.78221
0.693147
1.66886
0
7.19893
10.2533
0
0
0
6.56958
0
0
1.66658
7.25426
6.49341
5.83109
3.54165
2.2892
5.05656
9.35138
2.83058
2.82585
0
7.64795
8.58649
5.59921
0
0
6.14585
0
0.693147
5.83324
8.76891
0
0
1.66658
0.693147
3.22159
0
5.05599
4.89048
0
6.83605
0.693147
1.66658
6.32621
0
6.83197
0
0.693147
0
9.35118
6.71405
0
0
6.89484
0
7.30443
0
0
8.7439
0
0.693147
0
0
6.49341
1.66658
1.66658
6.14665
0
0
9.15485
3.53722
6.9623
0
0.693147
0
6.96463
0
0
0
0
2.83058
0.693147
8.55871
4.50492
3.22159
3.22159
0.693147
5.72303
0
11.187
0.693147
1.66658
2.83058
4.06087
0.693147
2.2892
0
0.693147
1.66658
0
3.53722
2.2892
3.53476
8.41682
4.70627
8.89112
2.83058
2.82272
2.83058
0
3.22159
0
5.0576
0
0
0
1.66658
4.06552
8.76893
0
3.22159
0.693147
0
0
0
6.9623
2.83058
0
6.15215
1.66658
2.83058
0
3.53722
0
0.693147
0
4.27157
0
0
0
2.2892
0
0
1.65926
0
0
0
0
0
0
0
0
8.0859
5.95131
5.3451
1.66658
4.50666
0
0
2.83812
5.20038
7.69184
1.66658
0
7.60323
2.83058
0
0
0
0
2.81822
0
7.65423
0.693147
0
4.70387
0.693147
0
4.70387
0
0
8.63999
0
0.693147
0
9.84557
1.66658
0
0.693147
1.66658
0
3.53049
0
0
0
0.693147
0
0
8.76882
0
5.34261
0
6.14724
10.3577
0
2.83058
0.693147
3.22159
8.93806
6.49469
0
0
4.5094
0
0
7.31439
4.50666
1.66658
0
5.19995
1.66658
4.28485
0
0
0
0
3.81585
0
0.693147
8.71885
4.28301
4.06087
0
0
0
2.2892
9.46058
0
0
0.693147
2.83058
0
0
0.693147
0
0
3.82043
2.2928
8.79382
0
0
1.66658
0.693147
0
0
0
0
1.66886
0
0
5.60431
0.693147
0
3.53722
2.82289
4.27812
7.36809
7.78019
0.693147
0
0
2.83058
5.6012
0.693147
0
4.70387
0
0
10.1176
0
0
0
5.2027
0
0
0
3.22159
0
0
0
0
0.693147
0
0
0.693147
0
0
0.693147
0
0
0
0
0
1.66658
0
0
7.02277
3.22159
6.23642
0
0
3.81695
2.83058
4.50666
0
0
0.693147
0
11.2604
0
0.693147
0
0
6.23544
1.66658
4.8921
0
3.53722
3.21767
7.19741
